Changing Projects time Marks
[0.00258684 0.00300622 0.00300097 0.00460267 0.00252628 0.00400114
 0.00200033 0.00298095 0.00253868 0.00355864 0.00201344 0.00199938
 0.00260758 0.00200033 0.00200009 0.00200057 0.00300002 0.00355363
 0.00251365 0.00302052 0.00201368 0.00311327 0.00200057 0.00200033
 0.00298476 0.00260854 0.00200009 0.00200009 0.00199962 0.00251865
 0.00400114 0.00398588 0.00300622 0.00352597 0.00351834 0.00556898
 0.0030005  0.00402451 0.00502396 0.00400043 0.00410342 0.00312686
 0.00318074 0.00305271 0.00304461 0.00357652 0.00250912 0.00300789
 0.003016   0.00298977 0.00303721 0.00256777 0.00198817 0.00298405
 0.00306487 0.00348973 0.00322509 0.00402331 0.00399923 0.00300407
 0.00299978 0.00357008 0.00299835 0.00353241 0.00300074 0.00358701
 0.00251913 0.00199986 0.00299096 0.00299978 0.00300694 0.00199962
 0.00199986 0.00300169 0.00400376 0.00200605 0.00400639 0.00300026
 0.0030005  0.00500131 0.00200057 0.00400066 0.00300074 0.00400615
 0.0030005  0.00270009 0.0030005  0.0035429  0.00200081 0.00500679
 0.00299525 0.00399971 0.00299501 0.00299907 0.00299168 0.00912714
 0.00500321 0.00400281 0.00499129 0.00205564 0.00248837 0.00302315
 0.00301027 0.00200891 0.00201249 0.0040164  0.00302291 0.00318909
 0.00293541 0.00319982 0.00300837 0.00337434 0.00301743 0.00311899
 0.00200772 0.00302196 0.00300074 0.0030005  0.00354838 0.0030005
 0.00399542 0.0030005  0.00299454 0.00300026 0.00300097 0.00302076
 0.00300097 0.00300074 0.00300074 0.0030005  0.00200629 0.0040009
 0.00400114 0.00399995 0.00600457 0.00300169 0.00300169 0.00401688
 0.00299597 0.00400925 0.00400233 0.00399733 0.00300264 0.00300121
 0.00300074 0.00300169 0.00300789 0.0030005  0.00352859 0.00300121
 0.00300598 0.00299859 0.00300503 0.0030005  0.00300074 0.00300407
 0.00299716 0.00200009 0.00399899 0.00399876 0.00300407 0.00300264
 0.00299859 0.00400138 0.00300145 0.00399828 0.00300336 0.00299525
 0.00400472 0.00299907 0.0029974  0.00299954 0.00299788 0.00400591
 0.00199795 0.00300193 0.00299478 0.00200009 0.00299525 0.00200057
 0.00275064 0.0030005  0.0030005  0.0030005  0.00299954 0.00199437
 0.00300074 0.00199437 0.00299525 0.00300646 0.0030179  0.00200605
 0.00402451 0.00300074 0.00301385 0.00400066 0.00300074 0.00200009
 0.00300026 0.00300026 0.00402498 0.00454879 0.00402403 0.00399637
 0.00400281 0.00399971 0.00400472 0.00299668 0.00455165 0.00400901
 0.00400257 0.00300026 0.00400114 0.00300336 0.00300074 0.00301862
 0.00301218 0.00402522 0.00301957 0.00402141 0.00300121 0.0040195
 0.00402093 0.00402188 0.00246406 0.00355911 0.00257516 0.00300121
 0.00199842 0.00399804 0.0030055  0.00200033 0.0039959  0.00199389
 0.00306678 0.00356221 0.00252461 0.00200057 0.00300622 0.00300646
 0.00301743 0.00302029 0.00303411 0.00360918 0.00252247 0.00199962
 0.00199819 0.00200057 0.00302219 0.00239396 0.00409198 0.0025208
 0.00354767 0.00352669 0.00252557 0.00252128 0.00355172 0.00353789
 0.00457048 0.00356174 0.00454021 0.00354242 0.00449944 0.00300121
 0.00402403 0.00302553 0.00300026 0.00299478 0.00300264 0.00400186
 0.00400233 0.00299573 0.00400043 0.00299668 0.0030005  0.00199962
 0.00200081 0.0019989  0.00301766 0.00356197 0.0036025  0.00354266
 0.00400043 0.0030005  0.0050025  0.00299907 0.00352168 0.00456309
 0.00364709 0.00500536 0.0056777  0.00501752 0.00549269 0.00413108
 0.00401831 0.00350571 0.00424123 0.00381851 0.00250769 0.00302792
 0.0020144  0.00314379 0.0030005  0.00254035 0.00253916 0.00357008
 0.00319695 0.00253367 0.00299048 0.00199485 0.0029974  0.00300145
 0.00199795 0.00205588 0.0035851  0.00199437 0.00310206 0.0029974
 0.0030005  0.00300646 0.00299525 0.00300097 0.00300097 0.00299978
 0.00299978 0.00255156 0.00255704 0.00199437 0.0030005  0.00300622
 0.00298762 0.00300074 0.00300074 0.00300026 0.00299978 0.00204873
 0.00360441 0.00256157 0.00500107 0.00310135 0.00412917 0.00401378
 0.00400114 0.00298381 0.00300026 0.00200009 0.00300097 0.00300074
 0.00300074 0.0030005  0.00200033 0.00500035 0.00562143 0.00304484
 0.00199819 0.00354719 0.00255179 0.00354123 0.00251985 0.00201249
 0.0030067  0.00200009 0.00298476 0.00199795 0.00201082 0.00401664
 0.00306511 0.0040369  0.00400448 0.00373173 0.00400186 0.0030005
 0.00299644 0.00400424 0.00299978 0.0030005  0.00399923 0.00299716
 0.00352192 0.00373721 0.00354409 0.0025394  0.00253892 0.00354981
 0.00254107 0.00252295 0.00252461 0.00199986 0.00300574 0.00298429
 0.00352597 0.00400233 0.00309539 0.0030036  0.00200009 0.00256491
 0.0036459  0.00358272 0.00360465 0.00466156 0.00355768 0.00356007
 0.00353742 0.00252938 0.00352025 0.00352073 0.00358486 0.00356412
 0.00257182 0.00354075 0.00354147 0.00256228 0.00303411 0.00457025
 0.00254655 0.0019958  0.00354719 0.00253892 0.00355506 0.00357842
 0.00407887 0.00329947 0.00255609 0.00256443 0.00352144 0.00352526
 0.00299454 0.00300074 0.00400114 0.00400662 0.00305128 0.0040009
 0.00300097 0.00300217 0.00301671 0.00300074 0.00300121 0.00463891
 0.00356388 0.00358415 0.00370049 0.00354409 0.00258923 0.00252557
 0.0025208  0.00256062 0.00455952 0.00501847 0.00254393 0.00299835
 0.00300622 0.00400066 0.00300074 0.00300026 0.00400043 0.00200057
 0.00200057 0.00299978 0.00200748 0.00300074 0.00300002 0.0030005
 0.0030005  0.00300121 0.0030005  0.00300097 0.00300074 0.00200057
 0.0030005  0.00400114 0.00300074 0.0030005  0.00300646 0.00390196
 0.00402832 0.00354075 0.00300264 0.0030005  0.00352263 0.00352049
 0.00352097 0.00252128 0.00354147 0.00454259 0.00299954 0.003021
 0.00299788 0.00299907 0.00301814 0.00400567 0.00400543 0.00300217
 0.00400186 0.0030067  0.00394511 0.00300121 0.00300646 0.00300074
 0.00399947 0.00317335 0.00299954 0.00302482 0.00301337 0.00304174
 0.00204182 0.00362945 0.00252628 0.00300074 0.0030005  0.00283456
 0.00354147 0.00300097 0.00269365 0.00274086 0.00184178 0.00300074
 0.0030005  0.00300074 0.00300002 0.0028336  0.00184011 0.00399995
 0.00455213 0.00397992 0.00299478 0.00200009 0.00500131 0.0040009
 0.00300121 0.00300074 0.00300074 0.00300074 0.00200057 0.00300002
 0.00299978 0.00298357 0.00199962 0.00299954 0.00205946 0.00274062
 0.00385427 0.00252581 0.00200033 0.00256705 0.0030005  0.00306511
 0.00300074 0.00200057 0.00200653 0.00200057 0.00300074 0.00259709
 0.00299954 0.00302386 0.00300121 0.00298715 0.0040009  0.00283241
 0.0040009  0.00200009 0.00299954 0.00255156 0.0030477  0.00357652
 0.00355721 0.00258923 0.00198126 0.00215435 0.00309563 0.00456548
 0.00309658 0.00254416 0.00254393 0.00253892 0.00304532 0.00306678
 0.00300431 0.00300765 0.00300074 0.00263906 0.0030067  0.00200605
 0.00400519 0.00300097 0.00300074 0.00300026 0.00400114 0.00300074
 0.00300074 0.00300026 0.00200033 0.0035224  0.00400138 0.00352144
 0.00357294 0.00355315 0.00355577 0.00355291 0.00353861 0.00358844
 0.00358033 0.00464606 0.00305223 0.00305176 0.00301313 0.00299978
 0.00299978 0.00402451 0.0030241  0.00299954 0.00400114 0.00399971
 0.00400066 0.00300622 0.0030005  0.00300074 0.00198054 0.00301385
 0.00298762 0.00400114 0.00400162 0.00564551 0.00304222 0.00355315
 0.00300646 0.00299692 0.00300074 0.00398517 0.00299048 0.00352192
 0.00258136 0.00356126 0.0025773  0.00253916 0.00356364 0.00359106
 0.00207877 0.00300026 0.0030055  0.00299835 0.00300121 0.00202346
 0.00300026 0.00300789 0.00300097 0.00300074 0.00200081 0.00297976
 0.00200057 0.00400114 0.00355291 0.00301433 0.00299954 0.00404119
 0.00300503 0.00299287 0.00308561 0.00300074 0.00299335 0.0030148
 0.0030005  0.0035975  0.00299907 0.00399542 0.00300026 0.00300121
 0.0030005  0.00300097 0.0030005  0.00300074 0.00300097 0.00300145
 0.00300097 0.00300097 0.00300097 0.00258327 0.00300646 0.00350976
 0.00252604 0.0035677  0.00500131 0.00500464 0.0030911  0.00300121
 0.00457048 0.00300407 0.00400281 0.00300145 0.00363278 0.00255251
 0.0035429  0.00301814 0.00300241 0.0029912  0.00300527 0.00300074
 0.00300002 0.00300026 0.00301337 0.00258589 0.00252724 0.00354648
 0.00352335 0.00354886 0.00358272 0.00299287 0.00399637 0.00355172
 0.00300026 0.0040009  0.00299001 0.00300074 0.00199413 0.00277519
 0.00200009 0.00253916 0.0036962  0.00269008 0.00353909 0.00356603
 0.00301456 0.00201678 0.00299668 0.00300074 0.00300646 0.00400782
 0.0030005  0.00200033 0.00353932 0.00301075 0.00353909 0.00320721
 0.00300002 0.00455499 0.00354505 0.00399971 0.00300312 0.00300479
 0.00400162 0.00355768 0.00304198 0.00403905 0.00299954 0.00300097
 0.00400496 0.00300574 0.00300121 0.0040009  0.00300074 0.00300097
 0.0030005  0.00351    0.00255275 0.00255108 0.00255132 0.00205302
 0.00305533 0.00300026 0.0030005  0.0040009  0.0030005  0.00300026
 0.00300097 0.00300097 0.00436783 0.00355244 0.00346041 0.00307822
 0.00300002 0.00299501 0.00299478 0.00300026 0.0030067  0.00400114
 0.00286984 0.00358677 0.00353861 0.00399995 0.00300026 0.00278163
 0.00399518 0.00201678 0.00298667 0.00399041 0.00356102 0.00310516
 0.00299335 0.00400019 0.00300074 0.00300074 0.00299525 0.00357342
 0.00354195 0.00400186 0.00300026 0.00400472 0.0030005  0.0057857
 0.00299811 0.00354099 0.00464201 0.00303364 0.00299549 0.00299811
 0.00400639 0.00300074 0.00400257 0.00300407 0.00306821 0.00255919
 0.00254583 0.00201869 0.00299978 0.00299954 0.00299501 0.00300097
 0.00352597 0.00253963 0.00402427 0.0030005  0.00299501 0.00300002
 0.00200057 0.0022974  0.00355315 0.00361037 0.00352311 0.00255132
 0.00305152 0.00301385 0.00199938 0.00406289 0.00200057 0.00300074
 0.00400639 0.00200033 0.00200033 0.00355148 0.00399971 0.00200009
 0.00300097 0.00300074 0.00288749 0.00300097 0.0030005  0.00358939
 0.00464869 0.00300097 0.00301814 0.00500083 0.00300097 0.00362849
 0.00355887 0.00356746 0.00299954 0.00316763 0.00300622 0.00299168
 0.00300074 0.0036571  0.00305223 0.00301385 0.0030005  0.00300074
 0.0030005  0.00257897 0.00302362 0.00300622 0.00300074 0.004565
 0.00403547 0.0030005  0.00301504 0.00354195 0.00303769 0.00300312
 0.00300026 0.00353742 0.00303626 0.00299668 0.004004   0.00299907
 0.00300384 0.00251937 0.00251389 0.0025661  0.0025444  0.00300074
 0.0030005  0.00399804 0.00560117 0.00299454 0.00300074 0.00300097
 0.00300074 0.00300097 0.00298738 0.00200009 0.00252581 0.00353932
 0.00302434 0.00398779 0.00300074 0.00300121 0.00300074 0.00373125
 0.00300002 0.00299954 0.0030005  0.0030005  0.00261736 0.00300026
 0.0036118  0.00301266 0.0030036  0.00300884 0.00303006 0.00300884
 0.00300717 0.00389218 0.00300431 0.00300241 0.0030067  0.00200319
 0.00300884 0.00300169 0.00300002 0.00253224 0.00350547 0.00300503
 0.00299382 0.00405574 0.00331903 0.00317764 0.0030539  0.00250793
 0.00258994 0.00471044 0.00300264 0.00300956 0.00200486 0.00300169
 0.00351119 0.00304866 0.00467587 0.00399065 0.00327015 0.00314879
 0.00342011 0.00300908 0.00300097 0.00250888 0.00250888 0.00300217
 0.00301099 0.00300097 0.00400209 0.00300193 0.00201917 0.00250459
 0.00312066 0.00301099 0.00302386 0.00302482 0.00346279 0.00458765
 0.00250983 0.00200272 0.0033741  0.00200176 0.00310731 0.0040009
 0.00252318 0.00400448 0.00300169 0.0030005  0.00346494 0.00335479
 0.00300074 0.00285721 0.00339127 0.00311971 0.00200033 0.00302935
 0.0041337  0.00415969 0.00343037 0.00333118 0.00380898 0.00199914
 0.00305009 0.00356913 0.0033493  0.00300097 0.00332785 0.0043385
 0.00352883 0.00268292 0.00305104 0.00306225]