Creating Projects time Marks
[0.00556278 0.00956368 0.01409912 0.01910925 0.02366877 0.02868152
 0.03268313 0.03823018 0.04474282 0.04931521 0.05301881 0.05805826
 0.06260157 0.06731391 0.07068586 0.07394624 0.07747841 0.08204269
 0.08504486 0.09122252 0.09563208 0.10028553 0.10478806 0.10829043
 0.11262679 0.11597538 0.1184876  0.12169647 0.12382531 0.12685871
 0.12795854 0.13154149 0.13378239 0.13684893 0.1398499  0.14235806
 0.14536285 0.14736342 0.14936376 0.15292621 0.15531683 0.15837026
 0.1604054  0.16291642 0.16593695 0.16802502 0.1710701  0.17358184
 0.17581058 0.17886543 0.18192077 0.1844306  0.18743634 0.19043756
 0.19343734 0.195472   0.19863915 0.20165849 0.20428777 0.20633364
 0.20937037 0.21151042 0.21353507 0.21708393 0.22018266 0.22239041
 0.22540092 0.22769904 0.23103547 0.23604083 0.23954129 0.24268699
 0.24469686 0.24827909 0.25133348 0.25389791 0.25590634 0.25909328
 0.26233482 0.26443863 0.26646161 0.26988697 0.27189612 0.27494144
 0.27694869 0.27945352 0.28246713 0.28546691 0.2894671  0.29197907
 0.29498482 0.29798579 0.30049419 0.30351734 0.30651879 0.30951834
 0.3120451  0.31520629 0.31720352 0.32020664 0.32497311 0.32716417
 0.33139157 0.33490539 0.33896661 0.34298277 0.34630609 0.35031247
 0.3543365  0.35736012 0.36041498 0.36241817 0.36538577 0.37017298
 0.37339592 0.37490559 0.378335   0.38034415 0.38340116 0.38607144
 0.38922358 0.39222455 0.39422345 0.39673114 0.39975667 0.40275836
 0.40506148 0.40877318 0.4117856  0.41385818 0.41783953 0.4229362
 0.4269352  0.43080878 0.4339509  0.43803549 0.44026542 0.44329357
 0.44629312 0.44840884 0.45194054 0.45445371 0.45745301 0.45945454
 0.46196461 0.46596956 0.46896958 0.47249961 0.47650409 0.48176193
 0.48488212 0.49166584 0.49473548 0.49924922 0.50225472 0.50532055
 0.50833035 0.51040745 0.51241851 0.51493621 0.51694179 0.51997018
 0.5230782  0.52566075 0.52768445 0.53070927 0.53373909 0.53627348
 0.53829336 0.54130483 0.54330373 0.54581332 0.54884315 0.55084419
 0.55284524 0.55526519 0.55884075 0.56184244 0.56484318 0.56837177
 0.57138085 0.57456517 0.57808709 0.58116364 0.5842073  0.58726478
 0.59087539 0.59391904 0.59595323 0.59947729 0.60251665 0.60453677
 0.60772634 0.61080813 0.61386538 0.61690354 0.62314963 0.62615013
 0.62815094 0.6325202  0.63564205 0.63983631 0.64289141 0.64690781
 0.65096736 0.65349364 0.65699029 0.66001439 0.66201997 0.66554332
 0.66793609 0.67094707 0.6740334  0.67769337 0.67969632 0.68301558
 0.68703222 0.69023299 0.6922338  0.69557309 0.69861841 0.70192599
 0.70500922 0.70824671 0.7102499  0.7136476  0.7168541  0.71990085
 0.72290778 0.72592831 0.72844911 0.73259711 0.73561549 0.73812509
 0.74115682 0.7436626  0.74708867 0.75065565 0.75265813 0.75614119
 0.75914526 0.76221347 0.76524186 0.76869273 0.77122426 0.77525926
 0.77839851 0.78195906 0.78396249 0.78721952 0.79065156 0.79325151
 0.79525876 0.79826784 0.80027604 0.80333686 0.80634117 0.80950332
 0.81301737 0.81702471 0.82002664 0.82361078 0.82662177 0.82962203
 0.83162308 0.83515525 0.83916092 0.84216118 0.8460021  0.84899879
 0.85302305 0.85660076 0.85995173 0.86296153 0.86600757 0.87018991
 0.87318945 0.87538886 0.87891436 0.88200712 0.88400698 0.88868356
 0.8916893  0.89574957 0.89825654 0.90029144 0.90429735 0.90729785
 0.90985155 0.91285324 0.91586614 0.91786599 0.92142463 0.92442465
 0.9274261  0.92993188 0.93295288 0.93495226 0.9389894  0.9420433
 0.94411373 0.94715571 0.95129895 0.95381856 0.95789123 0.95989203
 0.96244502 0.96545339 0.96966386 0.97179985 0.97430706 0.9774642
 0.97946453 0.9825511  0.98607635 0.98807669 0.99116182 0.99316955
 0.99567318 0.99968052 1.002707   1.00608754 1.00810552 1.01112986
 1.01326776 1.01527548 1.01854634 1.02156615 1.02358484 1.02609777
 1.02933908 1.03137946 1.03450155 1.03701234 1.0400753  1.0420754
 1.04439545 1.04735041 1.05041623 1.05455422 1.05656075 1.06009769
 1.06312156 1.06613326 1.06863952 1.07167339 1.0736742  1.0769453
 1.07945228 1.08147192 1.08486509 1.08786511 1.09050274 1.09351039
 1.0955112  1.09852052 1.10102606 1.10404277 1.1070447  1.11004448
 1.11257124 1.11457586 1.11757493 1.12057614 1.12316918 1.12516832
 1.12817788 1.13116884 1.13369346 1.13669801 1.13937163 1.14188838
 1.1444273  1.14644289 1.14947701 1.15252233 1.15510535 1.15815616
 1.16015625 1.16316557 1.16570091 1.16909146 1.1721077  1.17410803
 1.17763853 1.17963862 1.18286061 1.18600082 1.18815827 1.19117069
 1.19318342 1.19521642 1.19875193 1.20106769 1.20408678 1.20609617
 1.20964384 1.21166015 1.21580863 1.21934128 1.22258997 1.22464013
 1.2277081  1.2302053  1.23337984 1.2353847  1.23931098 1.24186349
 1.24388647 1.24688745 1.24888706 1.25241017 1.25441146 1.25742054
 1.25941086 1.26393986 1.26794839 1.27145433 1.27448869 1.27749395
 1.28049827 1.28303719 1.28604412 1.28904963 1.29106593 1.29454565
 1.29654837 1.29955888 1.30155969 1.30426979 1.30765486 1.31067729
 1.31418395 1.3162272  1.31925201 1.32126474 1.3232789  1.32690549
 1.33095646 1.33397961 1.33752823 1.34055376 1.34311533 1.34611654
 1.34863877 1.35164499 1.35464549 1.35817289 1.36124301 1.36324382
 1.36631036 1.36883783 1.37184572 1.37524796 1.37725568 1.37976623
 1.38277721 1.38478303 1.38802505 1.39053202 1.39354372 1.39554858
 1.39855957 1.4010663  1.40321326 1.40621853 1.40923023 1.41174889
 1.41479325 1.41682577 1.41986537 1.42337847 1.42740297 1.42942619
 1.4325583  1.4345634  1.43759322 1.44061971 1.44315815 1.4461627
 1.44816327 1.45124602 1.45377231 1.45688581 1.4599154  1.46191502
 1.46544266 1.46844411 1.47144413 1.47344351 1.4758637  1.478894
 1.48192477 1.4839406  1.48746681 1.48948455 1.49250889 1.49451995
 1.49807072 1.50007105 1.50324559 1.50676894 1.50983667 1.5128479
 1.51484799 1.5175488  1.52164054 1.52364087 1.52668405 1.52918983
 1.53231049 1.53431058 1.53743339 1.54083061 1.54340959 1.54541111
 1.54891682 1.55094075 1.55394244 1.5569427  1.55945683 1.56250715
 1.56551552 1.56751633 1.57128453 1.57428408 1.57728529 1.58080626
 1.58384323 1.58784437 1.58984828 1.59445095 1.59845185 1.60245252
 1.60600567 1.6090064  1.61200738 1.61565614 1.61865568 1.62165618
 1.62365651 1.62706923 1.62907028 1.63207054 1.6340704  1.63745666
 1.64045453 1.64245605 1.64518094 1.64818859 1.65118933 1.65419841
 1.65688109 1.65888453 1.66189528 1.66488671 1.6670289  1.67046475
 1.67347789 1.67547965 1.67800379 1.68139625 1.68354511 1.68674111
 1.68876505 1.69200826 1.69401193 1.69714713 1.70018673 1.70354366
 1.7059145  1.70892024 1.71101904 1.71446395 1.71853113 1.72210002
 1.72416353 1.72717261 1.73027968 1.73230147 1.73645496 1.73978043
 1.74269605 1.74498534 1.7469945  1.75004482 1.75257301 1.75558758
 1.75759983 1.76061273 1.76316833 1.76622629 1.76822925 1.77135444
 1.77817345 1.78124022 1.78375363 1.78678584 1.78981519 1.79307199
 1.79628205 1.80034757 1.80351472 1.8071022  1.81119323 1.81319451
 1.81735635 1.82064438 1.82473373 1.82944441 1.8324461  1.83703899
 1.84105039 1.84461713 1.84765196 1.85071707 1.85509849 1.85809898
 1.86115885 1.86430669 1.86630964 1.87038159 1.87342167 1.87662673
 1.87962985 1.88267279 1.88588381 1.88893247 1.89173174 1.89474797
 1.8967545  1.89987421 1.90293264 1.90604949 1.90909624 1.91160464
 1.9146955  1.91771555 1.92077875 1.9236722  1.92567515 1.92953825
 1.93305755 1.93608332 1.93913579 1.94113874 1.94415259 1.94852281
 1.95055914 1.95259047 1.95612645 1.9591589  1.96231246 1.96482205
 1.96683812 1.96986651 1.97203088 1.97403836 1.97763395 1.97965932
 1.98266792 1.98467183 1.98719001 1.98956275 1.99258471 1.99476027
 1.99676323 1.99985695 2.00186086 2.00488663 2.00739765 2.010571
 2.01257467 2.01503158 2.01802993 2.02106309 2.02306342 2.02606773
 2.02907157 2.03243494 2.03443575 2.0374589  2.03996611 2.04297066
 2.04447746 2.04791927 2.05042458 2.05244422 2.05548525 2.05848551
 2.06098986 2.06300807 2.06600904 2.06800914 2.07166195 2.07367563
 2.07673645 2.07922339 2.0812273  2.08373356 2.08677411 2.09091496
 2.09291601 2.09502387 2.09960747 2.10314512 2.10567522 2.10880399
 2.11080742 2.112885   2.11667943 2.11968327 2.12272143 2.12472367
 2.12687325 2.13022137 2.1327064  2.1347096  2.13721871 2.14059353
 2.14310122 2.14512324 2.14827347 2.15027714 2.15355325 2.15555644
 2.15808344 2.16029191 2.16276383 2.16639447 2.16841936 2.171911
 2.17392731 2.17697549 2.17950177 2.18295026 2.18536997 2.1873734
 2.19091535 2.19291687 2.19618654 2.19819164 2.2007246  2.20404482
 2.20605135 2.20929027 2.21136117 2.21579576 2.21797276 2.22209573
 2.22411275 2.2273829  2.23042774 2.23294306 2.23495722 2.2379632
 2.24098754 2.24404454 2.24706435 2.24907351 2.25207949 2.25457168
 2.25758576 2.26257801 2.26709819 2.27210045 2.27662683 2.28079057
 2.28279519 2.28687859 2.29003024 2.29203224 2.29413772 2.29765797
 2.2996645  2.30436826 2.30724335 2.31163597 2.3146379  2.31714892
 2.32117653 2.32536101 2.32787752 2.33089495 2.3339231  2.33725071
 2.33978701 2.34331131 2.34536076 2.34740639 2.35122895 2.35459447
 2.35761833 2.36066723 2.36267042 2.36584854 2.37013721 2.37333465
 2.37641692 2.37842226 2.38242674 2.38545108 2.38848042 2.39150023
 2.39458823 2.39791918 2.39993405 2.40346384 2.40646267 2.4096992
 2.41174626 2.41530681 2.41733766 2.42043614 2.42344594 2.42663527
 2.42869544 2.43189621 2.43545771 2.43850517 2.44157696 2.44359851
 2.44683576 2.44888878 2.4519906  2.45400572 2.45762348 2.45990419
 2.46296811 2.46500516 2.46752572 2.4705801  2.47361422 2.47667646
 2.47906232 2.48106813 2.48407817 2.48760581 2.48988366 2.49289608
 2.4949007  2.49690652 2.49942327 2.50246549 2.50548029 2.50751829
 2.51104498 2.51305389 2.51507092 2.51808763 2.52068806 2.52371478
 2.52572155 2.52873397 2.53023791 2.53326106 2.53526664 2.53853703
 2.54227757 2.54378152 2.54726124 2.5493021  2.552917   2.55594587
 2.55794597 2.56031585 2.56284451 2.56590748 2.56807399 2.57112527
 2.57422304 2.57623839 2.57825494 2.58125854 2.58378172 2.58682513
 2.58982444 2.5928247  2.59538293 2.59738278 2.60011077 2.60411334
 2.60666132 2.60866022 2.61166096 2.61466575 2.61719775 2.62020063
 2.62319779 2.62519884 2.62774134 2.63074136 2.63274121 2.63574433
 2.63928938 2.64128995 2.64381385 2.64585543 2.64841986 2.65142035
 2.65442133 2.65742159 2.65996647 2.66296601 2.66596603 2.66796613
 2.6715138  2.67451334 2.67651415 2.67951512 2.68205953 2.6850605
 2.688061   2.6916244  2.69462323 2.69762444 2.69962454 2.70320415
 2.70719934 2.7102015  2.71276689 2.7147665  2.717767   2.7222929
 2.72533345 2.72733307 2.73033452 2.7328577  2.73489404 2.73889709
 2.74189663 2.74442101 2.74744272 2.74944162 2.75244212 2.75699615
 2.75899625 2.76199746 2.76399803 2.76654148 2.77054572 2.77354145
 2.77606535 2.7790854  2.7820878  2.78408813 2.78763556 2.79063463
 2.79363513 2.79563618 2.79820704 2.8012054  2.80520725 2.80772948
 2.80977225 2.81277323 2.81477427 2.81677389 2.82166123 2.82466149
 2.82666183 2.82918406 2.83322001 2.83622313 2.83974504 2.841784
 2.84485984 2.8478601  2.85037231 2.8536551  2.85566998 2.85869431
 2.86122131 2.8633678  2.86537409 2.86838627 2.87141824 2.87459946
 2.87660408 2.87971473 2.88222408 2.88424301 2.88825107 2.89027071
 2.89385962 2.89691091 2.89892054 2.90192676 2.90445352 2.90748358
 2.90955043 2.91256332 2.91456866 2.91679978 2.91984415 2.9228971
 2.92541981 2.92742825 2.93043613 2.93243861]