Deleting Projects time Marks
[0.00460029 0.00869751 0.01197124 0.01425338 0.01729488 0.0213542
 0.0244     0.02700138 0.03001356 0.03202796 0.03453755 0.03783536
 0.04094934 0.04296947 0.04601979 0.04807234 0.05110645 0.05423021
 0.05845332 0.06058812 0.0636692  0.06675577 0.06976938 0.0741024
 0.07662487 0.07966256 0.08267593 0.08478808 0.08934736 0.09236264
 0.09539342 0.09792089 0.1009903  0.10401368 0.10781479 0.11119127
 0.11319184 0.11631989 0.11962509 0.12271237 0.12574315 0.12904048
 0.13156581 0.13459682 0.1376214  0.14067745 0.14374089 0.1471591
 0.14918041 0.15220976 0.15657091 0.15965056 0.16321778 0.16528392
 0.16883278 0.17184138 0.17489576 0.17810488 0.18114328 0.18368053
 0.18687487 0.19014025 0.19393396 0.19732642 0.20035386 0.20237064
 0.20620942 0.2094624  0.21248317 0.21562791 0.21763945 0.21981335
 0.22323108 0.22664285 0.22866535 0.23189354 0.23392677 0.23660374
 0.24097371 0.24298453 0.24733782 0.24959755 0.25267982 0.25575972
 0.25930834 0.26131845 0.26435733 0.26686621 0.27033544 0.27425814
 0.27636433 0.27988124 0.28189206 0.28399348 0.28703141 0.2918396
 0.29485226 0.29686832 0.29990458 0.30222011 0.30575728 0.30878282
 0.31231356 0.31433034 0.31660414 0.31976604 0.32331467 0.32532692
 0.32839417 0.33047748 0.33435774 0.33643603 0.33981633 0.34232831
 0.34538984 0.34740639 0.35064435 0.35318637 0.35641766 0.35943532
 0.36145091 0.36401248 0.36704397 0.37036467 0.37343502 0.37593722
 0.37905765 0.38256335 0.38507152 0.38811898 0.39161825 0.39364123
 0.39615154 0.39922309 0.40126014 0.40427208 0.40788007 0.41123939
 0.41325307 0.41626811 0.41853046 0.42173028 0.4241097  0.42623067
 0.42976093 0.43316364 0.43618703 0.44059253 0.44393682 0.44822717
 0.45057678 0.45478535 0.45886469 0.46227384 0.46631432 0.47136331
 0.47447753 0.47753787 0.47954988 0.4830935  0.48651361 0.49174857
 0.49478841 0.49779582 0.50011325 0.50474095 0.50814915 0.51122236
 0.51437521 0.51638842 0.51972246 0.52376699 0.52579975 0.52883196
 0.53084016 0.53307557 0.53564882 0.53867555 0.54190111 0.54403782
 0.5465064  0.54952335 0.55259752 0.55560851 0.55797744 0.56240797
 0.56624079 0.56945014 0.57246566 0.57546735 0.57801223 0.58141351
 0.58443022 0.58644295 0.59001255 0.59310055 0.59625626 0.59826207
 0.60133743 0.60436416 0.60738873 0.61098146 0.61308074 0.61710286
 0.61961985 0.62270737 0.62603903 0.62848926 0.63154173 0.63457561
 0.63659048 0.63993859 0.64350772 0.64550877 0.64899325 0.65150619
 0.65458989 0.65904903 0.66278791 0.66592264 0.66945696 0.67302704
 0.67605925 0.67807913 0.68113589 0.68364406 0.68566322 0.68886185
 0.6918819  0.69438887 0.69746256 0.69947147 0.70251608 0.70517159
 0.70741463 0.71045136 0.71246576 0.71447921 0.71803474 0.72010732
 0.72317433 0.72520447 0.72771859 0.7307508  0.7327652  0.73598933
 0.73918653 0.7422049  0.74628329 0.74778819 0.75090909 0.75393367
 0.75705338 0.759583   0.76260233 0.76460791 0.76738763 0.76993203
 0.77313566 0.77517247 0.77824473 0.7810607  0.78308821 0.78619289
 0.78833389 0.79038    0.79373884 0.79578018 0.79800677 0.80103707
 0.80329108 0.80632377 0.80937195 0.81190801 0.81440306 0.81749463
 0.81950545 0.82254887 0.82492876 0.82795882 0.83097267 0.83350062
 0.83552456 0.8385253  0.84052587 0.84405351 0.84607744 0.84907961
 0.85107851 0.85307908 0.8566606  0.8596611  0.86266208 0.86623669
 0.86977291 0.87277341 0.87477374 0.87732577 0.88032603 0.88232636
 0.88532686 0.88887835 0.89087892 0.89387965 0.89688015 0.89943147
 0.90143204 0.90443277 0.90643311 0.91000009 0.91200089 0.91500139
 0.91700149 0.91957235 0.9225719  0.92457271 0.92757297 0.93014026
 0.93214011 0.93514061 0.9371407  0.93966675 0.94271588 0.94571662
 0.94771671 0.95024252 0.95328951 0.95729065 0.95929122 0.96284318
 0.96584392 0.96848059 0.97305441 0.97604132 0.98013163 0.98216295
 0.98566508 0.98869658 0.99170041 0.9957099  0.99899602 1.00149679
 1.0055747  1.00903201 1.01104164 1.01417518 1.0173986  1.0204072
 1.02366924 1.02719307 1.03051066 1.03352785 1.03553009 1.03967476
 1.04269385 1.04471278 1.04829979 1.05131412 1.05435085 1.05844426
 1.06045747 1.06363511 1.06665277 1.06971383 1.07371402 1.07582569
 1.07951474 1.08153677 1.0845654  1.08757782 1.09123731 1.09533978
 1.09738541 1.10065341 1.10266066 1.10666943 1.10909033 1.11261368
 1.11563373 1.11866188 1.12117004 1.1243329  1.12634444 1.12836456
 1.13187599 1.13491511 1.1379447  1.14116669 1.1436851  1.14668727
 1.14870739 1.15170765 1.1543591  1.15734577 1.16035938 1.16236019
 1.16492915 1.16792965 1.17046595 1.17346716 1.17598915 1.17898893
 1.18098903 1.18398976 1.18652678 1.18952656 1.19252706 1.19452763
 1.1970799  1.20007944 1.20206714 1.20508051 1.20865965 1.21066046
 1.21266079 1.21566105 1.21822739 1.22124052 1.22422838 1.22624159
 1.22884798 1.23184776 1.23483539 1.23684859 1.24041057 1.24242401
 1.24542475 1.24742508 1.25101137 1.25401211 1.25601315 1.25952435
 1.26257062 1.26557136 1.26809692 1.27066278 1.27371454 1.2767148
 1.27971578 1.28328085 1.28528166 1.28928804 1.2918818  1.29490614
 1.29690623 1.29990745 1.30243278 1.30547476 1.30947661 1.31147599
 1.31404376 1.3170433  1.32004404 1.32204461 1.32570863 1.32770872
 1.33170986 1.33423591 1.33810377 1.34111166 1.34311795 1.34665632
 1.34965634 1.35265732 1.35565758 1.35848689 1.36249375 1.36647296
 1.37114453 1.37420464 1.37625742 1.37882972 1.38192534 1.38400412
 1.38759542 1.39065289 1.39365363 1.3956542  1.39765429 1.40120649
 1.40319419 1.40718842 1.40973616 1.41176009 1.41576171 1.41875648
 1.42122841 1.42522383 1.42823005 1.43075848 1.4337697  1.43578315
 1.43977857 1.44373584 1.44773626 1.45073724 1.45328331 1.45628262
 1.45828342 1.46128058 1.4650259  1.46956682 1.47157049 1.47512674
 1.47712708 1.48012781 1.48212814 1.48496199 1.487988   1.48998141
 1.49298239 1.49560523 1.49861979 1.50162148 1.50362062 1.50655556
 1.5095768  1.51272273 1.51576805 1.5183394  1.52038932 1.52347541
 1.5265224  1.52990246 1.53190255 1.53490925 1.53741002 1.5404284
 1.54242182 1.54543519 1.54809642 1.55010915 1.55311012 1.55610347
 1.55963326 1.56168246 1.56475925 1.56680965 1.56990886 1.57305169
 1.57605219 1.57803869 1.58060384 1.58360386 1.5866065  1.58960605
 1.59314942 1.59515023 1.59814787 1.60014796 1.60269523 1.60669804
 1.60969186 1.61301088 1.61701107 1.61999869 1.6235888  1.62658858
 1.62958932 1.63515902 1.64114356 1.65425491 1.66249084 1.66872025
 1.67476964 1.68530965 1.69840431 1.7023983  1.70639777 1.70997238
 1.71397376 1.71696949 1.72153449 1.7255342  1.73011231 1.73411393
 1.74070334 1.74569392 1.75020099 1.75557923 1.75870085 1.76330519
 1.76751661 1.7700417  1.773772   1.77682233 1.77985215 1.78341341
 1.78542805 1.78948522 1.7915349  1.79546261 1.79846144 1.80146408
 1.80603909 1.81006408 1.81465507 1.81669879 1.81974173 1.82291389
 1.82671213 1.82973409 1.83285594 1.83588028 1.83933067 1.84236288
 1.84638381 1.84892511 1.85093689 1.85395122 1.8569591  1.86005974
 1.86212492 1.86515021 1.86768103 1.87130499 1.87432742 1.8763814
 1.87892866 1.88205576 1.88423657 1.88724637 1.89076591 1.89277935
 1.89578032 1.89778042 1.90030861 1.90332723 1.90733361 1.90933442
 1.91261792 1.91461825 1.91661882 1.91961956 1.92320228 1.92620301
 1.92820334 1.93172956 1.93477178 1.93777204 1.94077301 1.94432116
 1.94632125 1.94932222 1.95130587 1.95489788 1.95889902 1.96189928
 1.96442819 1.96745634 1.97098875 1.97451091 1.97753835 1.97955179
 1.98264861 1.98523331 1.9893868  1.99347043 1.99704909 1.99904823
 2.00204372 2.00504732 2.00867248 2.01167321 2.01367354 2.01567435
 2.01924253 2.02324414 2.02524376 2.02880168 2.03079963 2.03380013
 2.03580642 2.04041648 2.04443121 2.0464313  2.04895115 2.0509851
 2.05498838 2.0589869  2.06152678 2.06352711 2.06652713 2.06853318
 2.07260776 2.0746057  2.07760596 2.07960653 2.08316708 2.08618236
 2.08918643 2.09168792 2.09473014 2.09773064 2.10073137 2.10328841
 2.10728335 2.11028385 2.11329126 2.11583757 2.11884403 2.12284303
 2.12637901 2.12937999 2.1323812  2.13592339 2.13991618 2.14292407
 2.14544415 2.148458   2.15146279 2.15446401 2.15849876 2.16049743
 2.16450119 2.16804123 2.17460585 2.17712498 2.18016672 2.18316364
 2.1851635  2.18973541 2.19273734 2.194736   2.19826174 2.20129728
 2.20430064 2.20829988 2.21084023 2.21384072 2.21684003 2.21984291
 2.22339177 2.22638679 2.22938967 2.23192763 2.23492694 2.23793197
 2.2409296  2.24347067 2.24647117 2.24847007 2.2504704  2.25503588
 2.25903559 2.26103044 2.26459146 2.26659107 2.26959205 2.27322626
 2.27624488 2.27924538 2.28376985 2.28680968 2.28981423 2.29181123
 2.29433703 2.29737115 2.29938173 2.30137873 2.30337906 2.30809498
 2.311095   2.31309581 2.31562185 2.31767941 2.32068467 2.32368135
 2.32625413 2.32826781 2.33026862 2.33327484 2.33527541 2.33881831
 2.3418169  2.34382296 2.34582305 2.348351   2.35136962 2.35437632
 2.35737085 2.35990143 2.36190057 2.36490154 2.36790323 2.37059641
 2.37559986 2.37761831 2.37961602 2.38274145 2.38574219 2.38882923
 2.39140725 2.39448762 2.39655304 2.39968228 2.40224385 2.40534687
 2.40843797 2.41048908 2.41362524 2.41579485 2.41782665 2.42082739
 2.42440224 2.42740846 2.43040681 2.43292284 2.43596339 2.43895888
 2.4419589  2.44449258 2.44851732 2.45151782 2.45451355 2.45872712
 2.46172833 2.46372819 2.4662962  2.46929479 2.47343159 2.4769969
 2.47899628 2.48299694 2.48500085 2.48957562 2.49257445 2.49457455
 2.49813271 2.50013971 2.50314045 2.506145   2.50971627 2.51171637
 2.51471734 2.51672339 2.5193131  2.52331114 2.52630806 2.52830887
 2.53085971 2.53386068 2.53685617 2.54037738 2.54380727 2.54580736
 2.5488081  2.55138993 2.55538988 2.5583849  2.56091642 2.56396079
 2.56596136 2.56796145 2.57205987 2.57508397 2.57808495 2.58108544
 2.583709   2.58670402 2.58970952 2.59322977 2.59527206 2.5982728
 2.60027289 2.60227323 2.6068356  2.60983634 2.61183643 2.61446476
 2.61748457 2.6194725  2.62348652 2.62704945 2.63005066 2.63205075
 2.63405132 2.63862109 2.64161587 2.64462256 2.64713621 2.64916039
 2.65416169 2.65716243 2.65950274 2.66250229 2.66450286 2.66648388
 2.67059231 2.67357898 2.6765995  2.67912769 2.68215203 2.68415236
 2.6871531  2.68965244 2.69314837 2.69514894 2.6981492  2.70071769
 2.70371175 2.70671821 2.71024489 2.71230054 2.71530151 2.71830201
 2.72183013 2.72484875 2.72785521 2.72985578 2.73238397 2.73540902
 2.73840952 2.7424109  2.74426603 2.74729061 2.74929142 2.75229192
 2.75638437 2.75938535 2.76138544 2.76391244 2.76696539 2.7694912
 2.77254081 2.77507472 2.77809882 2.78109956 2.78310013 2.78562856
 2.78913546 2.79213595 2.79413605 2.79671574 2.79971552 2.80171585
 2.8062427  2.80929899 2.81229925 2.81429958 2.81730032 2.81984615
 2.82285261 2.82585359 2.82785368 2.83059573 2.8325963  2.83559656
 2.83912563 2.84114957 2.84515047 2.8471508  2.84967899 2.85302496
 2.85609913 2.85816455 2.86075521 2.86383176 2.86595535 2.86801839
 2.87188911 2.87488437 2.87789059 2.8814187  2.88444328 2.88644338
 2.88944435 2.89196444 2.89539003 2.89839053 2.90039086 2.90289855
 2.90634561 2.90936589 2.91136622 2.91393447 2.91693449 2.91893482
 2.92193532 2.92444324 2.92746735 2.93046832 2.93246889 2.93446922
 2.93775797 2.94075346 2.94375992 2.94632983 2.94832945 2.95133018
 2.95433092 2.95813727 2.96014428 2.96214437 2.96514511 2.96667099
 2.96970916 2.97402287 2.97602367 2.97827959]